#File format: word,sPoint,nPoint,yPoint

#Sayori's winning words
褋褔邪褋褌褜械,3,2,1
谐褉褍褋褌褜,3,2,1
褋屑械褉褌褜,3,1,2
褌褉邪谐械写懈褟,3,1,2
芯写懈薪芯褔械褋褌胁芯,3,1,2
谢褞斜芯胁褜,3,2,1
锌褉懈泻谢褞褔械薪懈械,3,2,1
薪械卸薪邪褟,3,2,1
胁芯谢薪械薪懈械,3,2,1
褎械泄械褉胁械褉泻懈,3,2,1
褉芯屑邪薪褌懈泻邪,3,2,1
褋谢褢蟹褘,3,1,2
写械锌褉械褋褋懈褟,3,1,2
褋械褉写褑械,3,2,1
褋胁邪写褜斜邪,3,2,1
褋褌褉邪褋褌褜,3,2,1
写械褌褋褌胁芯,3,2,1
胁械褋械谢褜械,3,2,1
褑胁械褌,3,2,1
薪邪写械卸写邪,3,1,2
写褉褍蟹褜褟,3,2,1
褋械屑褜褟,3,2,1
胁械褔械褉懈薪泻邪,3,2,1
泻邪薪懈泻褍谢褘,3,2,1
谢械薪褜,3,2,1
谐褉褢蟹褘,3,1,2
斜芯谢褜,3,1,2
胁褘褏芯写薪芯泄,3,2,1
泻褉芯胁邪褌褜,3,2,1
锌械褉芯,3,2,1
褋褌褘写,3,1,2
褋褌褉邪褏,3,1,2
褌械锌谢芯,3,2,1
褑胁械褌芯泻,3,2,1
褍写芯斜褋褌胁芯,3,2,1
褌邪薪械褑,3,2,1
锌械褋薪褟,3,2,1
锌谢邪褔,3,1,2
褋屑械褏,3,2,1
褌褜屑邪,3,1,2
褋芯谢薪械褔薪芯,3,2,1
褌褍褔泻邪,3,2,1
褋锌芯泻芯泄褋褌胁懈械,3,1,2
写褍褉邪褕谢懈胁芯褋褌褜,3,2,1
锌芯谢褢褌,3,2,1
锌褉械泻褉邪褋薪芯,3,2,1
薪械芯褌屑褖械薪薪褘泄,3,1,2
褉芯蟹邪,3,1,2
胁屑械褋褌械,3,2,1
芯斜械褖邪薪懈械,3,2,1
褕邪褉屑,3,2,1
泻褉邪褋芯褌邪,3,2,1
芯斜芯写褉械薪懈械,3,2,1
褍谢褘斜泻邪,3,2,1
褋谢芯屑邪薪薪褘泄,3,1,2
写褉邪谐芯褑械薪薪褘泄,3,2,1
屑芯谢褜斜邪,3,1,2
薪械褍泻谢褞卸邪褟,3,2,1
锌褉芯褖械薪懈械,3,1,2
锌褉懈褉芯写邪,3,2,1
芯泻械邪薪,3,2,1
芯褋谢械锌谢褟褞褖邪褟,3,2,1
芯褋芯斜械薪薪邪褟,3,2,1
屑褍蟹褘泻邪,3,2,1
褍写邪褔邪,3,2,1
薪械褍写邪褔邪,3,1,2
谐褉芯屑泻芯,3,2,1
屑懈褉薪芯,3,1,2
褉邪写芯褋褌褜,3,1,2
蟹邪泻邪褌,3,2,1
褋胁械褌谢褟褔泻懈,3,2,1
褉邪写褍谐邪,3,2,1
懈谐褉邪,3,2,1
懈褋泻芯褉泻邪,3,2,1
褕褉邪屑褘,3,1,2
锌褍褋褌芯褌邪,3,1,2
褍写懈胁懈褌械谢褜薪邪褟,3,2,1
锌械褔邪谢褜,3,1,2
芯斜褗褟褌懈褟,3,1,2
薪械芯斜褘褔邪泄薪芯,3,2,1
蟹写芯褉芯胁芯,3,2,1
锌芯褉邪卸械薪懈械,3,1,2
斜械蟹薪邪写褢卸薪芯褋褌褜,3,1,2
褋褌褉邪写邪薪懈械,3,1,2
褋芯泻褉芯胁懈褖械,3,2,1
胁芯褋锌芯屑懈薪邪薪懈褟,3,2,1

#Natsuki's words
屑懈谢邪褟,2,3,1
锌褍褕懈褋褌芯,2,3,1
褔懈褋褌邪褟,1,3,2
泻芯薪褎械褌邪,2,3,1
褕芯锌锌懈薪谐,2,3,1
褖械薪芯泻,2,3,1
泻芯褌褢薪芯泻,2,3,1
芯斜谢邪泻邪,2,3,1
锌芯屑邪写邪,1,3,2
锌邪褉褎械,2,3,1
泻谢褍斜薪懈泻邪,2,3,1
褉芯蟹芯胁褘泄,2,3,1
褕芯泻芯谢邪写,2,3,1
写芯泻懈-写芯泻懈,1,3,2
锌芯褑械谢褍泄,1,3,2
屑械谢芯写懈褟,2,3,1
谢械薪褌芯褔泻邪,2,3,1
锌褉褘谐褍褔邪褟,2,3,1
斜懈械薪懈械_褋械褉写褑邪,2,3,1
泻邪胁邪泄,2,3,1
褞斜泻邪,2,3,1
褖褢褔泻懈,2,3,1
械屑械泄谢,2,3,1
谢懈锌泻懈泄,2,3,1
锌褉褘谐褍褔懈泄,2,3,1
褋懈褟褞褖懈泄,2,3,1
锌芯泻褍褋褘胁邪薪懈械,2,3,1
褎邪薪褌邪蟹懈褟,1,3,2
褋邪褏邪褉,2,3,1
褏懈褏懈泻邪薪褜械,2,3,1
蟹械褎懈褉,2,3,1
锌芯写锌褉褘谐懈胁邪褌褜,2,3,1
胁锌褉懈锌褉褘卸泻褍,2,3,1
屑懈褉,2,3,1
泻褉褍褌懈褌褜褋褟,2,3,1
胁械褉褌械褌褜褋褟,2,3,1
谢械写械薪械褑,2,3,1
胁卸褍褏,2,3,1
锌褍蟹褘褉褜泻懈,2,3,1
褕械锌芯褌,2,3,1
谢械褌芯,2,3,1
胁芯写芯锌邪写,1,3,2
泻褍锌邪谢褜薪懈泻,2,3,1
胁邪薪懈谢褜,2,3,1
薪邪褍褕薪懈泻懈,2,3,1
懈谐褉褘,2,3,1
薪芯褋泻懈,2,3,1
胁芯谢芯褋褘,2,3,1
褋锌芯褉褌锌谢芯褖邪写泻邪,2,3,1
薪芯褔薪褍褕泻邪,1,3,2
芯写械褟谢芯,1,3,2
屑芯谢芯泻芯,2,3,1
泻邪锌褉懈蟹,2,3,1
蟹谢芯褋褌褜,2,3,1
锌邪锌邪,2,3,1
胁邪谢械薪褌懈薪泻邪,2,3,1
屑褘褕褜,1,3,2
褋胁懈褋褌,2,3,1
褌褘泻,2,3,1
泻褉芯谢懈泻,2,3,1
邪薪懈屑械,2,3,1
锌褉褘谐,2,3,1

#Yuri's words
褉械褕懈屑芯褋褌褜,1,1,3
褋褍懈褑懈写,2,1,3
胁芯芯斜褉邪卸械薪懈械,2,1,3
褋泻褉褘褌薪褘泄,2,1,3
卸懈胁褍褔械褋褌褜,1,1,3
褋褍褖械褋褌胁芯胁邪薪懈械,2,1,3
谢褍褔械蟹邪褉薪褘泄,1,1,3
屑邪谢懈薪芯胁褘泄,1,1,3
胁懈褏褉褜,1,1,3
锌芯褋谢械芯斜褉邪蟹,1,1,3
谐芯谢芯胁芯泻褉褍卸械薪懈械,1,1,3
写械蟹芯褉懈械薪褌懈褉芯胁邪薪薪褘泄,1,1,3
褋褍褖薪芯褋褌褜,2,1,3
芯泻褉褍卸械薪懈械,2,1,3
蟹胁褢蟹写薪芯械_薪械斜芯,2,1,3
褉邪蟹芯斜谢邪褔械薪懈械,1,1,3
芯褋泻胁械褉薪械薪懈械,1,1,3
懈薪褌械谢谢械泻褌褍邪谢褜薪褘泄,1,1,3
邪薪邪谢懈蟹,1,1,3
褝薪褌褉芯锌懈褟,1,1,3
芯卸懈胁谢褢薪薪邪褟,1,1,3
褋胁械褉褏褗械褋褌械褋褌胁械薪薪褘泄,2,1,3
懈薪泻芯薪谐褉褍褝薪褌薪褘泄,1,1,3
谐薪械胁,2,1,3
斜谢邪谐芯褋谢芯胁谢褢薪薪褘泄,2,1,3
褉械蟹薪褟,2,1,3
褎懈谢芯褋芯褎懈褟,1,1,3
薪械锌芯褋褌芯褟薪薪褘泄,1,1,3
褑械锌泻懈泄,1,1,3
邪褍褉邪,2,1,3
薪械褋褌邪斜懈谢褜薪褘泄,1,1,3
邪写,2,1,3
薪械写械械褋锌芯褋芯斜薪褘泄,2,1,3
褋褍写褜斜邪,2,1,3
薪械锌芯谐褉械褕懈屑褘泄,1,1,3
邪谐芯薪懈蟹懈褉褍褞褖懈泄,2,1,3
褉邪褋褏芯卸写械薪懈械,1,1,3
薪械泻芯薪褌褉芯谢懈褉褍械屑褘泄,2,1,3
褔褉械蟹胁褘褔邪泄薪褘泄,1,1,3
斜械谐褋褌胁芯,2,1,3
褋芯薪,2,2,3
泻邪褌邪褋褌褉芯褎邪,2,1,3
锌褘谢泻懈泄,2,1,3
褉械蟹芯薪懈褉褍褞褖懈泄,1,2,3
胁芯锌褉芯褋,1,2,3
谐薪芯械薪懈械,2,1,3
褋褍卸写械薪懈械,1,1,3
泻谢械褌泻邪,1,2,3
胁蟹褉褘胁邪褌褜,1,2,3
褍写芯胁芯谢褜褋褌胁懈械,1,2,3
锌芯褏芯褌褜,1,2,3
芯褖褍褖械薪懈械,1,2,3
泻褍谢褜屑懈薪邪褑懈褟,1,2,3
褝谢械泻褌褉懈褔械褋褌胁芯,1,2,3
芯褌褉械褔械薪懈械,1,1,3
锌褉械蟹褉械薪懈械,2,1,3
斜械褋泻芯薪械褔薪芯褋褌褜,2,1,3
胁械褔薪芯褋褌褜,2,1,3
胁褉械屑褟,2,1,3
胁褋械谢械薪薪邪褟,2,1,3
斜械褋泻芯薪械褔薪褘泄,2,1,3
泻邪锌谢懈_写芯卸写褟,2,1,3
卸械谢邪薪薪褘泄,1,1,3
薪械芯斜褍蟹写邪薪薪褘泄,1,1,3
锌械泄蟹邪卸,2,1,3
锌芯褉褌褉械褌,2,1,3
锌褍褌械褕械褋褌胁懈械,2,1,3
褋泻褍写薪褘泄,1,1,3
褌褉械胁芯谐邪,2,1,3
锌褍谐邪褞褖懈泄,2,1,3
褍卸邪褋,2,1,3
屑械谢邪薪褏芯谢懈褟,2,1,3
锌褉芯薪懈褑邪褌械谢褜薪芯褋褌褜,2,1,3
泻芯屑锌械薪褋懈褉芯胁邪褌褜,2,1,3
写褘褏邪薪懈械,1,2,3
锌谢械薪薪褘泄,2,1,3
卸械谢邪薪懈械,1,2,3
泻谢邪写斜懈褖械,2,1,3